xof 0303txt 0032

Frame Root {
  FrameTransformMatrix {
     1.000000, 0.000000, 0.000000, 0.000000,
     0.000000,-0.000000, 1.000000, 0.000000,
     0.000000, 1.000000, 0.000000, 0.000000,
     0.000000, 0.000000, 0.000000, 1.000000;;
  }
  Frame Cone_002 {
    FrameTransformMatrix {
      -0.573576, 0.000000,-0.819152, 0.000000,
       0.000000, 1.000000, 0.000000, 0.000000,
       0.819152, 0.000000,-0.573576, 0.000000,
       0.000000, 0.000000, 0.000000, 1.000000;;
    }
    Mesh { // Cone_002 mesh
      24;
       0.000000; 1.000000;-0.707000;,
       0.000000; 1.000000; 0.707000;,
       1.000000;-0.000000; 0.707000;,
       1.000000;-0.000000;-0.707000;,
       1.000000;-0.000000;-0.707000;,
       1.000000;-0.000000; 0.707000;,
      -0.000000;-1.000000; 0.707000;,
      -0.000000;-1.000000;-0.707000;,
       1.000000;-0.000000; 0.707000;,
       0.000000; 1.000000; 0.707000;,
      -1.000000; 0.000000; 0.707000;,
      -0.000000;-1.000000; 0.707000;,
      -0.000000;-1.000000;-0.707000;,
      -0.000000;-1.000000; 0.707000;,
      -1.000000; 0.000000; 0.707000;,
      -1.000000; 0.000000;-0.707000;,
      -1.000000; 0.000000;-0.707000;,
      -1.000000; 0.000000; 0.707000;,
       0.000000; 1.000000; 0.707000;,
       0.000000; 1.000000;-0.707000;,
       0.000000; 1.000000;-0.707000;,
       1.000000;-0.000000;-0.707000;,
      -0.000000;-1.000000;-0.707000;,
      -1.000000; 0.000000;-0.707000;;
      6;
      4;3,2,1,0;,
      4;7,6,5,4;,
      4;11,10,9,8;,
      4;15,14,13,12;,
      4;19,18,17,16;,
      4;23,22,21,20;;
      MeshNormals { // Cone_002 normals
        6;
         0.707107; 0.707107; 0.000000;,
         0.707107;-0.707107; 0.000000;,
        -0.000000; 0.000000; 1.000000;,
        -0.707107;-0.707107; 0.000000;,
        -0.707107; 0.707107; 0.000000;,
         0.000000; 0.000000;-1.000000;;
        6;
        4;0,0,0,0;,
        4;1,1,1,1;,
        4;2,2,2,2;,
        4;3,3,3,3;,
        4;4,4,4,4;,
        4;5,5,5,5;;
      } // End of Cone_002 normals
      MeshTextureCoords { // Cone_002 UV coordinates
        24;
         0.261102; 0.630876;,
         0.261102; 0.999820;,
         0.000180; 0.999820;,
         0.000180; 0.630876;,
         0.522384; 0.630876;,
         0.522384; 0.999820;,
         0.783306; 0.999820;,
         0.783306; 0.630876;,
         0.738539; 0.261517;,
         0.369539; 0.261517;,
         0.369539; 0.630517;,
         0.738539; 0.630517;,
         0.999820; 0.261573;,
         0.999820; 0.630517;,
         0.738898; 0.630517;,
         0.738898; 0.261573;,
         0.522024; 0.630876;,
         0.522024; 0.999820;,
         0.261102; 0.999820;,
         0.261102; 0.630876;,
         0.000180; 0.630517;,
         0.000180; 0.261517;,
         0.369179; 0.261517;,
         0.369179; 0.630517;;
      } // End of Cone_002 UV coordinates
      MeshMaterialList { // Cone_002 material list
        1;
        6;
        0,
        0,
        0,
        0,
        0,
        0;
        Material Material_002 {
           0.640000; 0.640000; 0.640000; 1.000000;;
           96.078431;
           0.500000; 0.500000; 0.500000;;
           0.000000; 0.000000; 0.000000;;
        }
      } // End of Cone_002 material list
    } // End of Cone_002 mesh
  } // End of Cone_002
} // End of Root
